      0/39     6.06G   0.07982    0.0543   0.02624    0.1604        11       640    0.5188    0.4068    0.3078    0.1346   0.04809      0.03   0.02011
      1/39      7.4G   0.05497   0.03817   0.01518    0.1083        33       640    0.8579    0.4491    0.5345    0.2385   0.04545   0.02513  0.007545
      2/39      7.4G   0.05128   0.03554  0.007552   0.09437        23       640    0.8779    0.5448    0.5863    0.3122   0.03775   0.02414  0.005959
      3/39      7.4G    0.0463    0.0344  0.005914   0.08661        19       640    0.8737     0.536    0.5639    0.2656   0.04466   0.02504  0.005061
      4/39      7.4G   0.04245   0.03409  0.005399   0.08194        11       640    0.9169     0.546    0.5922    0.3173   0.03793   0.02464  0.004771
      5/39      7.4G   0.03863   0.03378  0.004654   0.07706        11       640    0.9275    0.5668    0.6066     0.351   0.03338   0.02396  0.004922
      6/39      7.4G   0.03611   0.03259  0.004067   0.07277        30       640    0.9506    0.5567    0.6133    0.3622    0.0333   0.02364  0.003853
      7/39      7.4G   0.03452   0.03245  0.003829    0.0708        40       640     0.935     0.575    0.6166    0.3663   0.03193   0.02341  0.003457
      8/39      7.4G   0.03369   0.03208    0.0033   0.06906        16       640    0.9335    0.5734    0.6127    0.3474   0.03128   0.02291  0.003174
      9/39      7.4G   0.03254   0.03169  0.003003   0.06723        19       640    0.9429    0.5734    0.6197     0.381    0.0309   0.02297  0.003144
     10/39      7.4G   0.03274   0.03175  0.002979   0.06747        13       640    0.6672    0.5862    0.6251    0.3791   0.03103   0.02305  0.003034
     11/39      7.4G    0.0317   0.03065  0.002709   0.06505        16       640    0.6167    0.5806    0.6263    0.3903   0.03045   0.02274  0.003219
     12/39      7.4G   0.03081   0.02964  0.002735   0.06319        39       640    0.6121    0.5898    0.6246    0.3904   0.03049   0.02262  0.003086
     13/39      7.4G   0.03085   0.03038  0.002511   0.06374        31       640    0.6124    0.5853    0.6246    0.3971   0.02975   0.02268  0.002911
     14/39      7.4G   0.03037   0.02987  0.002437   0.06268        35       640    0.6201    0.5916    0.6256    0.3953   0.02981   0.02286   0.00314
     15/39      7.4G   0.02993      0.03  0.002355   0.06229        35       640    0.6111    0.5933    0.6258     0.398   0.02958   0.02265  0.003022
     16/39      7.4G    0.0295    0.0298  0.002374   0.06167        16       640    0.6023    0.6167     0.629    0.3961   0.02937   0.02267  0.003133
     17/39      7.4G   0.02924   0.02875  0.002184   0.06017        19       640    0.6122    0.6015    0.6266    0.3991   0.02954   0.02298  0.002901
     18/39      7.4G   0.02922    0.0284  0.002168   0.05978        46       640    0.6093     0.592    0.6277    0.3974   0.02962    0.0229  0.003021
     19/39      7.4G   0.02869   0.02894  0.001922   0.05955        18       640    0.6195     0.594    0.6244    0.3964   0.02946   0.02299  0.003124
     20/39      7.4G   0.02819   0.02807  0.001825   0.05808        26       640    0.6113    0.6041    0.6269    0.3947   0.02952   0.02286  0.002823
     21/39      7.4G    0.0278   0.02768  0.001738   0.05722         3       640    0.6253    0.6041    0.6258    0.4004   0.02915    0.0228  0.003283
     22/39      7.4G   0.02749   0.02757  0.001844    0.0569        41       640    0.6052    0.6175    0.6264    0.4014   0.02938    0.0228  0.003667
     23/39      7.4G   0.02705   0.02714  0.001756   0.05594        13       640     0.616    0.5877    0.6245    0.3989   0.02911   0.02284  0.003456
     24/39      7.4G   0.02692   0.02679  0.001471   0.05518        15       640    0.6027    0.6041     0.627    0.4032   0.02902   0.02294  0.002933
     25/39      7.4G    0.0265   0.02646  0.001561   0.05452        25       640    0.6214    0.6153    0.6272    0.4013   0.02911   0.02305  0.003139
     26/39      7.4G   0.02621    0.0257  0.001452   0.05337         3       640    0.6154    0.5945    0.6269     0.404   0.02889   0.02297  0.003185
     27/39      7.4G   0.02628   0.02637  0.001366   0.05402        19       640    0.6399    0.6023    0.6262    0.4035   0.02893   0.02317  0.002994
     28/39      7.4G   0.02587   0.02573  0.001287   0.05288        19       640    0.6111    0.5937    0.6266    0.4029   0.02888   0.02293  0.003202
     29/39      7.4G   0.02551    0.0251  0.001277   0.05188         7       640    0.6153    0.5962    0.6269    0.4045   0.02883   0.02305  0.003121
     30/39      7.4G   0.02543   0.02535  0.001318    0.0521         9       640    0.6289    0.6028    0.6275    0.4038   0.02881   0.02321  0.003347
     31/39      7.4G   0.02505   0.02502  0.001214   0.05128        16       640    0.6202    0.5879    0.6259    0.4038   0.02878   0.02311  0.003451
     32/39      7.4G    0.0249   0.02518  0.001222    0.0513        13       640    0.6249    0.5973    0.6254    0.4044   0.02893   0.02332  0.003353
     33/39      7.4G   0.02465   0.02415  0.001094   0.04989        17       640    0.6264    0.6061    0.6256    0.4023    0.0291   0.02346  0.003438
     34/39      7.4G   0.02436   0.02372   0.00111   0.04919        15       640    0.6128    0.5936    0.6278    0.4055   0.02879   0.02343  0.003433
     35/39      7.4G   0.02447    0.0244  0.001046   0.04992        20       640    0.6445    0.5969     0.628    0.4047   0.02897   0.02339  0.003311
     36/39      7.4G   0.02429   0.02454  0.001038   0.04987         9       640     0.616    0.5901    0.6256    0.4036   0.02893   0.02356  0.003604
     37/39      7.4G   0.02432   0.02451 0.0009622   0.04979        36       640    0.6232    0.6114    0.6282    0.4049   0.02893   0.02347  0.003401
     38/39      7.4G   0.02384   0.02398  0.001063   0.04889        22       640    0.6166    0.5914     0.625    0.4037   0.02891   0.02362  0.003479
     39/39      7.4G   0.02397   0.02391  0.001058   0.04894        19       640    0.6303    0.5999    0.6242    0.4014   0.02898   0.02375  0.003547
